2583425985, IBI
77.237911,0.687531
78.019196,0.781286
78.816108,0.796911
79.581768,0.76566
80.269299,0.687531
81.128714,0.859414
81.863122,0.734409
93.957426,0.843789
94.723086,0.76566
107.442418,0.843789
108.23933,0.796911
108.989364,0.750034
109.739398,0.750034
110.53631,0.796911
115.192773,0.781286
115.880304,0.687531
116.614713,0.734409
117.364747,0.750034
118.177284,0.812537
122.630613,0.87504
123.302519,0.671906
123.974425,0.671906
124.661956,0.687531
125.365113,0.703157
126.146399,0.781286
126.849556,0.703157
127.521462,0.671906
128.318374,0.796911
156.100895,0.828163
156.882181,0.781286
157.522835,0.640654
158.335373,0.812537
174.476737,0.812537
175.179894,0.703157
175.929928,0.750034
176.50808,0.578151
177.226862,0.718783
177.93002,0.703157
178.680054,0.750034
179.414463,0.734409
180.164497,0.750034
180.961408,0.796911
181.727068,0.76566
182.586483,0.859414
183.28964,0.703157
183.977171,0.687531
184.789709,0.812537
185.461614,0.671906
186.274152,0.812537
187.102314,0.828163
210.93153,0.718783
211.619062,0.687531
212.369096,0.750034
213.134756,0.76566
213.806662,0.671906
214.587948,0.781286
245.964384,0.65628
246.776921,0.812537
247.417575,0.640654
248.05823,0.640654
252.65219,0.750034
253.449101,0.796911
254.167884,0.718783
254.917919,0.750034
258.511833,0.703157
259.277493,0.76566
310.826728,0.812537
324.217966,0.828163
385.595775,0.812537
386.330184,0.734409
387.127095,0.796911
417.503486,0.718783
451.567545,0.843789
513.789143,0.718783
514.554803,0.76566
515.351715,0.796911
561.072558,0.718783
561.697586,0.625029
562.447621,0.750034
563.197655,0.750034
563.932064,0.734409
564.697724,0.76566
565.463384,0.76566
566.135289,0.671906
566.963452,0.828163
571.963681,0.703157
572.744967,0.781286
573.526253,0.781286
588.120671,0.734409
588.776951,0.65628
589.511359,0.734409
590.308271,0.796911
590.980177,0.671906
591.667708,0.687531
595.496008,0.859414
596.277294,0.781286
597.246089,0.968794
606.840278,0.828163
607.559061,0.718783
608.355972,0.796911
609.168509,0.812537
609.996672,0.828163
613.215569,0.843789
617.168875,0.859414
618.012664,0.843789
618.90333,0.890666
619.77837,0.87504
620.887796,1.109426
624.559839,0.859414
625.419253,0.859414
626.184913,0.76566
626.856819,0.671906
627.700608,0.843789
628.575648,0.87504
629.372559,0.796911
630.013213,0.640654
630.778873,0.76566
647.09212,0.921917
647.764026,0.671906
648.529686,0.76566
649.404726,0.87504
650.326643,0.921917
651.045426,0.718783
659.045792,0.687531
659.842704,0.796911
674.327742,0.87504
675.202782,0.87504
675.937191,0.734409
676.546593,0.609403
680.515525,0.812537
681.484319,0.968794
682.296857,0.812537
699.125752,0.65628
699.735155,0.609403
744.518455,0.781286
745.346618,0.828163
746.206032,0.859414
746.956066,0.750034
747.706101,0.750034
748.487386,0.781286
749.378052,0.890666
750.143712,0.76566
750.987501,0.843789
751.83129,0.843789
752.659452,0.828163
753.36261,0.703157
754.300153,0.937543
755.065813,0.76566
755.815847,0.750034
756.64401,0.828163
757.659681,1.015671
766.738222,0.718783
774.066682,0.843789
774.707337,0.640654
775.551125,0.843789
778.613765,0.687531
779.223168,0.609403
779.957577,0.734409
780.691986,0.734409
781.535774,0.843789
782.363937,0.828163
789.442386,0.687531
790.145543,0.703157
791.020583,0.87504
791.848746,0.828163
792.583155,0.734409
793.364441,0.781286
794.286358,0.921917
795.208275,0.921917
796.161444,0.953169
799.958493,0.687531
800.833533,0.87504
801.677321,0.843789
802.646116,0.968794
803.349273,0.703157
804.114933,0.76566
804.958721,0.843789
805.755633,0.796911
806.661924,0.906291
807.536964,0.87504
808.380753,0.843789
809.224542,0.843789
810.06833,0.843789
810.787113,0.718783
811.584025,0.796911
812.443439,0.859414
813.224725,0.781286
820.318799,0.906291
823.350188,0.703157
833.428775,0.718783
834.288189,0.859414
835.0851,0.796911
835.74138,0.65628
836.632046,0.890666
876.555748,0.750034
877.46204,0.906291
878.180823,0.718783
879.008986,0.828163
879.696517,0.687531
880.493429,0.796911
881.259089,0.76566
882.056,0.796911
882.884163,0.828163
883.602946,0.718783
884.384232,0.781286
885.212395,0.828163
885.978055,0.76566
886.962475,0.98442
898.134861,0.781286
898.822393,0.687531
899.713058,0.890666
903.150716,0.703157
929.13628,0.781286
929.90194,0.76566
930.745729,0.843789
931.448886,0.703157
932.245798,0.796911
948.480916,0.796911
949.23095,0.750034
953.82491,0.687531
954.512442,0.687531
955.403108,0.890666
956.075013,0.671906
956.996931,0.921917
970.763186,0.859414
1017.765337,0.781286
1018.499746,0.734409
1019.171652,0.671906
1099.362823,0.750034
1100.237863,0.87504
1159.396821,0.828163
1160.115603,0.718783
1160.912515,0.796911
1190.116977,0.76566
1197.914209,0.703157
1198.664243,0.750034
1199.554909,0.890666
1200.320569,0.76566
1201.070603,0.750034
1201.726883,0.65628
1206.742738,1.000046
1207.524024,0.781286
1208.195929,0.671906
1231.353239,1.031297
1232.572045,1.218806
1276.839696,0.76566
1277.667859,0.828163
1278.667905,1.000046
1282.527457,0.921917
1294.559258,0.87504
1295.38742,0.828163
1296.15308,0.76566
1301.028304,0.98442
1311.888176,0.859414
1322.013639,0.671906
1380.672574,0.953169
1381.375731,0.703157
1402.345441,0.87504
1431.04988,0.734409
1442.081635,0.796911
1442.956675,0.87504
1443.691084,0.734409
1458.519888,0.718783
1501.50623,0.65628
1502.256265,0.750034
1502.959422,0.703157
1503.709456,0.750034
1504.428239,0.718783
1505.100145,0.671906
1524.804172,0.76566
1525.444826,0.640654
1526.226112,0.781286
1582.134921,0.750034
1589.275873,0.718783
1590.182164,0.906291
1590.994702,0.812537
1591.760362,0.76566
1634.746704,1.281309
1856.678739,0.76566
1857.538153,0.859414
1858.366316,0.828163
1859.163228,0.796911
1859.928888,0.76566
1950.683042,0.828163
2065.610178,0.718783
2066.250832,0.640654
2090.845708,0.796911
2091.658245,0.812537
2092.673916,1.015671
2124.550375,0.703157
2125.316036,0.76566
2225.03935,0.703157
2251.634318,0.703157
2284.698331,0.703157
2285.43274,0.734409
2286.229651,0.796911
2291.01112,0.953169
2297.777055,0.812537
2298.495838,0.718783
2299.324001,0.828163
2300.074035,0.750034
2300.808444,0.734409
2301.542852,0.734409
2302.402267,0.859414
2303.089798,0.687531
2303.871084,0.781286
2304.496112,0.625029
2349.451295,0.76566
2388.109315,0.812537
2397.156604,0.76566
2491.957818,0.76566
2528.475115,0.718783
2692.904516,0.87504
2693.701428,0.796911
2697.092208,0.890666
2717.905661,0.734409
2799.409392,0.750034
2870.334513,0.312514
2925.758925,0.718783
2926.415205,0.65628
2931.274803,0.750034
2935.69688,0.625029
2947.713055,0.671906
2962.24497,0.671906
2991.715069,0.65628
3114.376934,1.0938
3178.06735,0.750034
3324.058407,0.76566
3325.042827,0.98442
3346.481309,0.609403
3388.030086,0.359391
3454.158113,0.953169
3457.70515,0.718783
3569.585271,0.953169
3588.414258,0.828163
3589.086164,0.671906
3589.820572,0.734409
3602.024256,0.906291
3606.118193,0.906291
3606.805725,0.687531
3617.103071,0.859414
3624.712795,0.671906
3625.447203,0.734409
3626.25974,0.812537
3626.947272,0.687531
3632.494401,0.687531
3677.652718,0.921917
3678.402752,0.750034
3679.340295,0.937543
3680.043452,0.703157
3680.730984,0.687531
3681.527895,0.796911
3682.371684,0.843789
3747.359034,0.796911
3753.671823,0.828163
3754.343728,0.671906
3755.093763,0.750034
3758.265783,0.812537
3758.984566,0.718783
3759.890857,0.906291
3760.640892,0.750034
3761.3753,0.734409
3762.203463,0.828163
3763.109755,0.906291
4218.005577,0.796911
4218.661857,0.65628
4219.427517,0.76566
4283.258564,0.687531
4471.517181,0.687531
4472.189087,0.671906
4491.68998,0.734409
4540.84848,0.65628
4541.72352,0.87504
4652.306707,0.781286
4652.962987,0.65628
4679.698586,0.87504
4774.406046,0.921917
4778.10934,0.843789
4790.594287,0.906291
4791.375573,0.781286
4792.266238,0.890666
4848.393808,0.87504
4849.065713,0.671906
4849.940753,0.87504
4850.722039,0.781286
4851.534576,0.812537
4852.347114,0.812537
4857.659857,0.812537
4858.519271,0.859414
4859.191177,0.671906
4859.769328,0.578151
4860.519363,0.750034
4861.253771,0.734409
4861.98818,0.734409
4862.831969,0.843789
4863.488249,0.65628
4866.300877,0.718783
4867.097789,0.796911
4867.722817,0.625029
4868.472852,0.750034
4869.301015,0.828163
4870.129178,0.828163
4870.84796,0.718783
4871.566743,0.718783
4876.004447,0.76566
4876.754481,0.750034
4877.629521,0.87504
4878.317052,0.687531
4878.988958,0.671906
4879.801495,0.812537
4880.535904,0.734409
4881.285938,0.750034
4881.942218,0.65628
4882.676627,0.734409
4883.473538,0.796911
4884.239198,0.76566
4884.942356,0.703157
4885.58301,0.640654
4886.333044,0.750034
4887.129956,0.796911
4887.973744,0.843789
4888.661276,0.687531
4889.41131,0.750034
4890.145719,0.734409
4890.958256,0.812537
4891.723916,0.76566
4892.427073,0.703157
4893.098979,0.671906
4893.864639,0.76566
4894.630299,0.76566
4895.349082,0.718783
4896.052239,0.703157
4896.739771,0.687531
4897.442928,0.703157
4898.161711,0.718783
4898.942997,0.781286
4899.614902,0.671906
4900.318059,0.703157
5151.704567,0.796911
5152.345222,0.640654
5197.019141,0.76566
5197.86293,0.843789
5198.550461,0.687531
5459.265521,0.593777
5459.859298,0.593777
5460.453075,0.593777
5461.046852,0.593777
5461.703132,0.65628
5462.359412,0.65628
5640.58632,0.531274
5641.2426,0.65628
5820.719566,0.578151
5821.407098,0.687531
5994.69628,0.593777
5998.63396,0.65628
5999.243363,0.609403
6003.290424,0.65628
6004.009207,0.718783
6004.712364,0.703157
6005.399895,0.687531
6006.118678,0.718783
6006.774958,0.65628
6007.509367,0.734409
6010.181364,0.671906
6010.85327,0.671906
6011.540801,0.687531
6012.134578,0.593777
6012.775233,0.640654
6013.415887,0.640654
6027.932177,0.640654
6028.557205,0.625029
6029.166608,0.609403
6029.807262,0.640654
6030.447917,0.640654
6031.072945,0.625029
6031.682348,0.609403
6032.354254,0.671906
6035.120006,0.593777
6035.588777,0.468771
6036.213806,0.625029